calibrated_params:
  beta_high: 0.868731737355911
  beta_low: 0.13689821030424687
  offset: 5.003627632117133
  proba_asymptomatic: 0.38151858212788836
  recovery_rate_asymptomtic: 0.22069399161603007
  recovery_rate_mild: 0.14860250637903652
default_params:
  N: 67000000.0
  beta:
  - 0.868731737355911
  - - 0.13689821030424687
  - - 47.99637236788287
  death_rate_hospital: 0.0046
  death_rate_icu: 0.0087
  incubation_rate: 0.27027027027027023
  isolation_ratio: 0.75
  proba_icu: 0.182
  proba_severe: 0.071
  recovery_rate_asymptomatic: 0.2127659574468085
  recovery_rate_hospital: 0.046
  recovery_rate_icu: 0.035
  symptoms_to_hospital_rate: 0.18181818181818182
  symptoms_to_icu_rate: 0.14285714285714285
info:
  date: '2020-05-09 08:49:33.210027'
  init_state:
    E: 1
    S: 66999999.0
  loss: 0.41087952906000563
  loss_D: 0.09292855023372294
  loss_H: 0.02591944443503691
  loss_ICU: 0.049973992731812175
  message: null
  'on':
  - D
  - H
  - ICU
