calibrated_params:
  beta_high: 0.6124579385944038
  beta_low: 0.16061291996292634
  death_rate_hospital: 0.01218295327887267
  death_rate_icu: 0.009014297722429848
  offset: 9.661977832941837
  recovery_rate_asymptomatic: 0.18994976855413911
  recovery_rate_hospital: 0.06810378640956852
  recovery_rate_icu: 0.06345534214469513
  recovery_rate_mild: 0.13512482926819303
default_params:
  N: 67000000.0
  beta:
  - 0.6124579385944038
  - - 0.16061291996292634
  - - 43.33802216705816
  incubation_rate: 0.27027027027027023
  isolation_ratio: 0.75
  proba_asymptomatic: 0.2
  proba_icu: 0.182
  proba_severe: 0.071
  symptoms_to_hospital_rate: 0.18181818181818182
  symptoms_to_icu_rate: 0.14285714285714285
info:
  date: '2020-05-14 15:00:36.021089'
  init_state:
    E: 1
    S: 66999999.0
  loss: 0.9134363621353527
  loss_D: 0.41568289236723943
  loss_H: 0.2516821535931053
  loss_ICU: 0.16700094171072244
  message: null
  'on':
  - D
  - H
  - ICU
