calibrated_params:
  beta_high: 0.6953857883601582
  beta_low: 0.04079497872569769
  death_rate_hospital: 0.01275225860030817
  death_rate_icu: 0.014811713170276129
  offset: -5.833007603334712
  recovery_rate_asymptomatic: 0.13798843258965365
  recovery_rate_hospital: 0.05011204384066861
  recovery_rate_icu: 0.051704749836188724
  recovery_rate_mild: 0.18123827885109856
default_params:
  N: 67000000.0
  beta:
  - 0.6953857883601582
  - - 0.04079497872569769
  - - 58.833007603334714
  incubation_rate: 0.27027027027027023
  isolation_ratio: 0.75
  proba_asymptomatic: 0.2
  proba_icu: 0.182
  proba_severe: 0.071
  symptoms_to_hospital_rate: 0.18181818181818182
  symptoms_to_icu_rate: 0.14285714285714285
info:
  date: '2020-05-11 20:36:46.816519'
  init_state:
    E: 1
    S: 66999999.0
  loss: 0.2501867941991693
  loss_D: 0.022283218198891258
  loss_H: 0.030823838580665196
  loss_ICU: 0.009486375212101026
  message: null
  'on':
  - D
  - H
  - ICU
