calibrated_params:
  beta_high: 1.4495263750490734
  beta_low: 0.10328585754379985
  death_rate_hospital: 0.007832016704010401
  death_rate_icu: 0.016176864523396072
  offset: -9.441205787753008
  recovery_rate_asymptomatic: 0.19100258818015572
  recovery_rate_hospital: 0.04619568943557253
  recovery_rate_icu: 0.05151148647843983
  recovery_rate_mild: 0.15950949206253362
default_params:
  N: 67000000.0
  beta:
  - 1.4495263750490734
  - - 0.10328585754379985
  - - 62.441205787753006
  incubation_rate: 0.27027027027027023
  isolation_ratio: 0.25
  proba_asymptomatic: 0.2
  proba_icu: 0.182
  proba_severe: 0.071
  symptoms_to_hospital_rate: 0.18181818181818182
  symptoms_to_icu_rate: 0.14285714285714285
info:
  date: '2020-05-15 15:39:11.082336'
  init_state:
    E: 1
    S: 66999999.0
  loss: 0.18559666379318232
  loss_D: 0.00781650112841581
  loss_H: 0.0168927916743291
  loss_ICU: 0.009736828808414645
  message: null
  'on':
  - D
  - H
  - ICU
