calibrated_params:
  beta_high: 0.7567704792774328
  beta_low: 0.08369460011166913
  death_rate_hospital: 0.015507724063645704
  death_rate_icu: 0.008409275370997577
  offset: -3.352587022219492
  recovery_rate_asymptomatic: 0.19083787426334692
  recovery_rate_hospital: 0.05672922586438201
  recovery_rate_icu: 0.0748511484455634
  recovery_rate_mild: 0.17578777820339034
default_params:
  N: 67000000.0
  beta:
  - 0.7567704792774328
  - - 0.08369460011166913
  - - 56.352587022219495
  incubation_rate: 0.27027027027027023
  isolation_ratio: 0.75
  proba_asymptomatic: 0.2
  proba_icu: 0.182
  proba_severe: 0.071
  symptoms_to_hospital_rate: 0.18181818181818182
  symptoms_to_icu_rate: 0.14285714285714285
info:
  date: '2020-05-11 09:53:45.151497'
  init_state:
    E: 1
    S: 66999999.0
  loss: 0.1417674689532215
  loss_D: 0.005990427353432151
  loss_H: 0.004747988570296103
  loss_ICU: 0.009359599329674367
  message: null
  'on':
  - D
  - H
  - ICU
