calibrated_params:
  beta_high: 0.860141426641734
  beta_low: 0.08177064521551998
  offset: 4.717128271665381
default_params:
  N: 67000000.0
  beta:
  - 0.860141426641734
  - - 0.08177064521551998
  - - 48.28287172833462
  death_rate_hospital: 0.0046
  death_rate_icu: 0.0087
  incubation_rate: 0.27027027027027023
  isolation_ratio: 0.75
  proba_asymptomatic: 0.2
  proba_icu: 0.182
  proba_severe: 0.071
  recovery_rate_asymptomatic: 0.2127659574468085
  recovery_rate_hospital: 0.046
  recovery_rate_icu: 0.035
  recovery_rate_mild: 0.2127659574468085
  symptoms_to_hospital_rate: 0.18181818181818182
  symptoms_to_icu_rate: 0.14285714285714285
info:
  date: '2020-05-09 08:10:31.957470'
  init_state:
    E: 1
    S: 66999999.0
  loss: 0.3434852921813837
  loss_D: 0.08093550146617527
  loss_H: 0.014148513663874188
  loss_ICU: 0.02289813081488107
  message: null
  'on':
  - D
  - H
  - ICU
