calibrated_params:
  beta_high: 0.9880301660445054
  beta_low: 0.04661960578247592
  offset: 7.401855016979188
  proba_icu: 0.16021406802387553
  recovery_rate_asymptomatic: 0.22998213975724882
  recovery_rate_mild: 0.24727011992275366
default_params:
  N: 67000000.0
  beta:
  - 0.9880301660445054
  - - 0.04661960578247592
  - - 45.59814498302081
  death_rate_hospital: 0.0046
  death_rate_icu: 0.0087
  incubation_rate: 0.27027027027027023
  isolation_ratio: 0.75
  proba_asymptomatic: 0.2
  proba_severe: 0.071
  recovery_rate_hospital: 0.046
  recovery_rate_icu: 0.035
  symptoms_to_hospital_rate: 0.18181818181818182
  symptoms_to_icu_rate: 0.14285714285714285
info:
  date: '2020-05-10 23:28:47.665747'
  init_state:
    E: 1
    S: 66999999.0
  loss: 0.27257100560958725
  loss_D: 0.04962740568287287
  loss_H: 0.013432133874991337
  loss_ICU: 0.011235413541157441
  message: null
  'on':
  - D
  - H
  - ICU
