calibrated_params:
  beta_high: 0.690022391804698
  beta_low: 0.032141692230656486
  death_rate_hospital: 0.008432659880419496
  death_rate_icu: 0.017762715798251873
  offset: -5.882770028249652
  recovery_rate_asymptomatic: 0.17924961010286242
  recovery_rate_hospital: 0.03834122994128644
  recovery_rate_icu: 0.03456955371858875
  recovery_rate_mild: 0.1590039194777384
default_params:
  N: 67000000.0
  beta:
  - 0.690022391804698
  - - 0.032141692230656486
  - - 58.88277002824965
  incubation_rate: 0.27027027027027023
  isolation_ratio: 0.75
  proba_asymptomatic: 0.2
  proba_icu: 0.182
  proba_severe: 0.071
  symptoms_to_hospital_rate: 0.18181818181818182
  symptoms_to_icu_rate: 0.14285714285714285
info:
  date: '2020-05-11 09:08:15.645181'
  init_state:
    E: 1
    S: 66999999.0
  loss: 0.14336296082670527
  loss_D: 0.0028206484286379765
  loss_H: 0.012629559788359921
  loss_ICU: 0.005102730320001533
  message: null
  'on':
  - D
  - H
  - ICU
