calibrated_params:
  beta_high: 0.8972107571143951
  beta_low: 0.05218429774338693
  death_rate_hospital: 0.012511506443013614
  death_rate_icu: 0.009040111218729495
  offset: 5.135037051510192
  recovery_rate_asymptomatic: 0.19608725811335714
  recovery_rate_hospital: 0.04179453791687042
  recovery_rate_icu: 0.04449715603005916
  recovery_rate_mild: 0.23707601409845797
default_params:
  N: 67000000.0
  beta:
  - 0.8972107571143951
  - - 0.05218429774338693
  - - 47.864962948489804
  incubation_rate: 0.27027027027027023
  isolation_ratio: 0.75
  proba_asymptomatic: 0.2
  proba_icu: 0.182
  proba_severe: 0.071
  symptoms_to_hospital_rate: 0.18181818181818182
  symptoms_to_icu_rate: 0.14285714285714285
info:
  date: '2020-05-11 09:32:27.286683'
  init_state:
    E: 1
    S: 66999999.0
  loss: 0.12819411731226882
  loss_D: 0.0007462788426977918
  loss_H: 0.007567842849472935
  loss_ICU: 0.008119610021301014
  message: null
  'on':
  - D
  - H
  - ICU
