calibrated_params:
  beta_high: 1.0505285532974757
  beta_low: 0.02879346542159112
  death_rate_hospital: 0.01386490130977605
  death_rate_icu: 0.018818141187464922
  offset: -33.61832829824375
  recovery_rate_asymptomatic: 0.1296418203868075
  recovery_rate_hospital: 0.06329767852944092
  recovery_rate_icu: 0.03932023763609192
  recovery_rate_mild: 0.12506949201000214
default_params:
  N: 67000000.0
  beta:
  - 1.0505285532974757
  - - 0.02879346542159112
  - - 86.61832829824375
  incubation_rate: 0.27027027027027023
  isolation_ratio: 0.25
  proba_asymptomatic: 0.2
  proba_icu: 0.182
  proba_severe: 0.071
  symptoms_to_hospital_rate: 0.18181818181818182
  symptoms_to_icu_rate: 0.14285714285714285
info:
  date: '2020-05-15 15:22:02.118406'
  init_state:
    E: 1
    S: 66999999.0
  loss: 0.9206132170468593
  loss_D: 0.5391228769563322
  loss_H: 0.15516153334626231
  loss_ICU: 0.15324428509877314
  message: null
  'on':
  - D
  - H
  - ICU
