calibrated_params:
  beta_high: 0.9723026800853023
  beta_low: 0.07174811704496072
  death_rate_hospital: 0.01099167293901418
  death_rate_icu: 0.019515820059516457
  offset: 7.207296154446143
  recovery_rate_asymptomatic: 0.24989790902165473
  recovery_rate_hospital: 0.04743051573043565
  recovery_rate_icu: 0.043350428702501886
  recovery_rate_mild: 0.23305631368071494
default_params:
  N: 67000000.0
  beta:
  - 0.9723026800853023
  - - 0.07174811704496072
  - - 45.79270384555386
  incubation_rate: 0.27027027027027023
  isolation_ratio: 0.75
  proba_asymptomatic: 0.2
  proba_icu: 0.182
  proba_severe: 0.071
  symptoms_to_hospital_rate: 0.18181818181818182
  symptoms_to_icu_rate: 0.14285714285714285
info:
  date: '2020-05-11 10:25:31.391380'
  init_state:
    E: 1
    S: 66999999.0
  loss: 0.12610870142001557
  loss_D: 0.0015728786368418948
  loss_H: 0.0036920285646151454
  loss_ICU: 0.010638497372385597
  message: null
  'on':
  - D
  - H
  - ICU
