calibrated_params:
  beta_high: 0.6008435102639298
  beta_low: 0.04938019223372113
  death_rate_hospital: 0.01802065537255428
  death_rate_icu: 0.011876449480614823
  offset: -21.146177193315847
  recovery_rate_asymptomatic: 0.24179747903347332
  recovery_rate_hospital: 0.07289296508558867
  recovery_rate_icu: 0.0707309480436388
  recovery_rate_mild: 0.12627725932178643
default_params:
  N: 67000000.0
  beta:
  - 0.6008435102639298
  - - 0.04938019223372113
  - - 74.14617719331585
  incubation_rate: 0.27027027027027023
  isolation_ratio: 0.75
  proba_asymptomatic: 0.2
  proba_icu: 0.182
  proba_severe: 0.071
  symptoms_to_hospital_rate: 0.18181818181818182
  symptoms_to_icu_rate: 0.14285714285714285
info:
  date: '2020-05-15 12:48:57.623285'
  init_state:
    E: 1
    S: 66999999.0
  loss: 0.3558265776492054
  loss_D: 0.010911694996098103
  loss_H: 0.09325280679089212
  loss_ICU: 0.022448051574555743
  message: null
  'on':
  - D
  - H
  - ICU
