calibrated_params:
  beta_high: 0.7705771655340865
  beta_low: 0.05699632335578886
  death_rate_hospital: 0.010720572305322218
  death_rate_icu: 0.016532756234094285
  offset: -1.4422234080252876
  recovery_rate_asymptomatic: 0.18826755372383067
  recovery_rate_hospital: 0.048423593301759243
  recovery_rate_icu: 0.03708597400425441
  recovery_rate_mild: 0.18008814846539184
default_params:
  N: 67000000.0
  beta:
  - 0.7705771655340865
  - - 0.05699632335578886
  - - 54.442223408025285
  incubation_rate: 0.27027027027027023
  isolation_ratio: 0.75
  proba_asymptomatic: 0.2
  proba_icu: 0.182
  proba_severe: 0.071
  symptoms_to_hospital_rate: 0.18181818181818182
  symptoms_to_icu_rate: 0.14285714285714285
info:
  date: '2020-05-15 13:47:07.338754'
  init_state:
    E: 1
    S: 66999999.0
  loss: 0.22784621642336897
  loss_H: 0.010682798031209235
  loss_ICU: 0.04123110030723546
  message: null
  'on':
  - H
  - ICU
