calibrated_params:
  beta_high: 0.7847107284182065
  beta_low: 0.04714376566499745
  offset: -0.7971673903615053
  recovery_rate_asymptomatic: 0.19955048390764965
  recovery_rate_mild: 0.18879686513249672
default_params:
  N: 67000000.0
  beta:
  - 0.7847107284182065
  - - 0.04714376566499745
  - - 53.79716739036151
  death_rate_hospital: 0.0046
  death_rate_icu: 0.0087
  incubation_rate: 0.27027027027027023
  isolation_ratio: 0.75
  proba_asymptomatic: 0.2
  proba_icu: 0.182
  proba_severe: 0.071
  recovery_rate_hospital: 0.046
  recovery_rate_icu: 0.035
  symptoms_to_hospital_rate: 0.18181818181818182
  symptoms_to_icu_rate: 0.14285714285714285
info:
  date: '2020-05-10 23:03:22.253227'
  init_state:
    E: 1
    S: 66999999.0
  loss: 0.2846271267857744
  loss_D: 0.06109096496189135
  loss_H: 0.008239087515753312
  loss_ICU: 0.011682548824680635
  message: null
  'on':
  - D
  - H
  - ICU
