calibrated_params:
  beta_high: 0.7483889583391622
  beta_low: 0.05563843820945344
  death_rate_hospital: 0.011156849010145162
  death_rate_icu: 0.01843015975936666
  offset: -3.784177249849515
  recovery_rate_asymptomatic: 0.2189274187056882
  recovery_rate_hospital: 0.056620752756844105
  recovery_rate_icu: 0.05739274022087378
  recovery_rate_mild: 0.1709760922127325
default_params:
  N: 67000000.0
  beta:
  - 0.7483889583391622
  - - 0.05563843820945344
  - - 56.78417724984951
  incubation_rate: 0.27027027027027023
  isolation_ratio: 0.75
  proba_asymptomatic: 0.2
  proba_icu: 0.182
  proba_severe: 0.071
  symptoms_to_hospital_rate: 0.18181818181818182
  symptoms_to_icu_rate: 0.14285714285714285
info:
  date: '2020-05-15 15:13:30.423531'
  init_state:
    E: 1
    S: 66999999.0
  loss: 0.28197142474733183
  loss_D: 0.011860791998341585
  loss_H: 0.04523145619193651
  loss_ICU: 0.022415636183762116
  message: null
  'on':
  - D
  - H
  - ICU
