calibrated_params:
  beta_high: 0.947445158141685
  beta_low: 0.06991715561259648
  offset: 5.163129854146291
  proba_asymptomatic: 0.4697932628612333
  recovery_rate_asymptomtic: 0.2254550375736055
  recovery_rate_mild: 0.22585452231152328
default_params:
  N: 67000000.0
  beta:
  - 0.947445158141685
  - - 0.06991715561259648
  - - 47.83687014585371
  death_rate_hospital: 0.0046
  death_rate_icu: 0.0087
  incubation_rate: 0.27027027027027023
  isolation_ratio: 0.75
  proba_icu: 0.182
  proba_severe: 0.071
  recovery_rate_asymptomatic: 0.2127659574468085
  recovery_rate_hospital: 0.046
  recovery_rate_icu: 0.035
  symptoms_to_hospital_rate: 0.18181818181818182
  symptoms_to_icu_rate: 0.14285714285714285
info:
  date: '2020-05-09 08:39:08.619512'
  init_state:
    E: 1
    S: 66999999.0
  loss: 0.29644937324291476
  loss_D: 0.04720243987175224
  loss_H: 0.008463401632877825
  loss_ICU: 0.03221638939148692
  message: null
  'on':
  - D
  - H
  - ICU
