calibrated_params:
  beta_high: 0.8103495499233612
  beta_low: 0.054865847187270445
  death_rate_hospital: 0.012971502243633493
  death_rate_icu: 0.015116019791735392
  offset: 1.0454398158468325
  recovery_rate_asymptomatic: 0.18052073112835418
  recovery_rate_mild: 0.2151369116913636
default_params:
  N: 67000000.0
  beta:
  - 0.8103495499233612
  - - 0.054865847187270445
  - - 51.954560184153166
  incubation_rate: 0.27027027027027023
  isolation_ratio: 0.75
  proba_asymptomatic: 0.2
  proba_icu: 0.182
  proba_severe: 0.071
  recovery_rate_hospital: 0.046
  recovery_rate_icu: 0.035
  symptoms_to_hospital_rate: 0.18181818181818182
  symptoms_to_icu_rate: 0.14285714285714285
info:
  date: '2020-05-11 00:16:44.774435'
  init_state:
    E: 1
    S: 66999999.0
  loss: 0.15668173423542947
  loss_D: 0.001750663861278033
  loss_H: 0.012297553062821983
  loss_ICU: 0.010500948918921735
  message: null
  'on':
  - D
  - H
  - ICU
